round_id,run_id,model_id,provider,target_date,price_date,days_elapsed,run_type,submission_format,selected_option_id,holding_count,model_return,sp500_return,alpha_vs_sp500,price_status,published
CB-2026-09-02-1W,official-v3-20260902-weekly,anthropic-claude-fable-5,anthropic,2026-09-03,2026-09-03,0,official,portfolio,GOLD,3,0.0,0.0,0.0,complete,True
CB-2026-09-02-1W,official-v3-20260902-weekly,anthropic-claude-opus-5,anthropic,2026-09-03,2026-09-03,0,official,portfolio,SILVER,3,0.0,0.0,0.0,complete,True
CB-2026-09-02-1W,official-v3-20260902-weekly,google-gemini-3-1-pro,google,2026-09-03,2026-09-03,0,official,portfolio,GOLD,3,0.0,0.0,0.0,complete,True
CB-2026-09-02-1W,official-v3-20260902-weekly,openai-gpt-5-6-sol,openai,2026-09-03,2026-09-03,0,official,portfolio,HEALTHCARE,3,0.0,0.0,0.0,complete,True
CB-2026-09-02-1W,official-v3-20260902-weekly,xai-grok-4-3,xai,2026-09-03,2026-09-03,0,official,portfolio,SP500,2,0.0,0.0,0.0,complete,True
CB-2026-09-02-1W,official-v3-20260902-weekly,xai-grok-4-5,xai,2026-09-03,2026-09-03,0,official,portfolio,SILVER,3,0.0,0.0,0.0,complete,True
CB-2026-09-02-1W,official-v3-20260902-weekly,xai-grok-4-6,xai,2026-09-03,2026-09-03,0,official,portfolio,SILVER,3,0.0,0.0,0.0,complete,True
CB-2026-09-02-1W,official-v3-20260902-weekly,anthropic-claude-fable-5,anthropic,2026-09-04,2026-09-04,1,official,portfolio,GOLD,3,-0.008330747571584895,-0.0038542623226456296,-0.004476485248939266,complete,True
CB-2026-09-02-1W,official-v3-20260902-weekly,anthropic-claude-opus-5,anthropic,2026-09-04,2026-09-04,1,official,portfolio,SILVER,3,-0.008200694644460526,-0.0038542623226456296,-0.004346432321814897,complete,True
CB-2026-09-02-1W,official-v3-20260902-weekly,google-gemini-3-1-pro,google,2026-09-04,2026-09-04,1,official,portfolio,GOLD,3,-0.00595425805902583,-0.0038542623226456296,-0.0020999957363802,complete,True
CB-2026-09-02-1W,official-v3-20260902-weekly,openai-gpt-5-6-sol,openai,2026-09-04,2026-09-04,1,official,portfolio,HEALTHCARE,3,-0.007386317177171496,-0.0038542623226456296,-0.0035320548545258665,complete,True
CB-2026-09-02-1W,official-v3-20260902-weekly,xai-grok-4-3,xai,2026-09-04,2026-09-04,1,official,portfolio,SP500,2,-0.006724923688910405,-0.0038542623226456296,-0.0028706613662647755,complete,True
CB-2026-09-02-1W,official-v3-20260902-weekly,xai-grok-4-5,xai,2026-09-04,2026-09-04,1,official,portfolio,SILVER,3,-0.008200694644460526,-0.0038542623226456296,-0.004346432321814897,complete,True
CB-2026-09-02-1W,official-v3-20260902-weekly,xai-grok-4-6,xai,2026-09-04,2026-09-04,1,official,portfolio,SILVER,3,-0.008200694644460526,-0.0038542623226456296,-0.004346432321814897,complete,True
CB-2026-09-02-1W,official-v3-20260902-weekly,anthropic-claude-fable-5,anthropic,2026-09-08,2026-09-08,5,official,portfolio,GOLD,3,-0.018566074554705173,-0.00932521699929345,-0.009240857555411722,complete,True
CB-2026-09-02-1W,official-v3-20260902-weekly,anthropic-claude-opus-5,anthropic,2026-09-08,2026-09-08,5,official,portfolio,SILVER,3,-0.019645370192038096,-0.00932521699929345,-0.010320153192744645,complete,True
CB-2026-09-02-1W,official-v3-20260902-weekly,google-gemini-3-1-pro,google,2026-09-08,2026-09-08,5,official,portfolio,GOLD,3,-0.016009117551367674,-0.00932521699929345,-0.006683900552074223,complete,True
CB-2026-09-02-1W,official-v3-20260902-weekly,openai-gpt-5-6-sol,openai,2026-09-08,2026-09-08,5,official,portfolio,HEALTHCARE,3,-0.02457556998651069,-0.00932521699929345,-0.01525035298721724,complete,True
CB-2026-09-02-1W,official-v3-20260902-weekly,xai-grok-4-3,xai,2026-09-08,2026-09-08,5,official,portfolio,SP500,2,-0.012882206472172125,-0.00932521699929345,-0.0035569894728786737,complete,True
CB-2026-09-02-1W,official-v3-20260902-weekly,xai-grok-4-5,xai,2026-09-08,2026-09-08,5,official,portfolio,SILVER,3,-0.019645370192038096,-0.00932521699929345,-0.010320153192744645,complete,True
CB-2026-09-02-1W,official-v3-20260902-weekly,xai-grok-4-6,xai,2026-09-08,2026-09-08,5,official,portfolio,SILVER,3,-0.019645370192038096,-0.00932521699929345,-0.010320153192744645,complete,True
CB-2026-09-02-1W,official-v3-20260902-weekly,anthropic-claude-fable-5,anthropic,2026-09-09,2026-09-09,6,official,portfolio,GOLD,3,-0.009064255163038493,-0.01392966617949476,0.004865411016456267,complete,True
CB-2026-09-02-1W,official-v3-20260902-weekly,anthropic-claude-opus-5,anthropic,2026-09-09,2026-09-09,6,official,portfolio,SILVER,3,-0.011897898068597125,-0.01392966617949476,0.0020317681108976346,complete,True
CB-2026-09-02-1W,official-v3-20260902-weekly,google-gemini-3-1-pro,google,2026-09-09,2026-09-09,6,official,portfolio,GOLD,3,-0.00964589609745774,-0.01392966617949476,0.004283770082037019,complete,True
CB-2026-09-02-1W,official-v3-20260902-weekly,openai-gpt-5-6-sol,openai,2026-09-09,2026-09-09,6,official,portfolio,HEALTHCARE,3,-0.026705197012670115,-0.01392966617949476,-0.012775530833175355,complete,True
CB-2026-09-02-1W,official-v3-20260902-weekly,xai-grok-4-3,xai,2026-09-09,2026-09-09,6,official,portfolio,SP500,2,-0.008071624057133986,-0.01392966617949476,0.005858042122360773,complete,True
CB-2026-09-02-1W,official-v3-20260902-weekly,xai-grok-4-5,xai,2026-09-09,2026-09-09,6,official,portfolio,SILVER,3,-0.011897898068597125,-0.01392966617949476,0.0020317681108976346,complete,True
CB-2026-09-02-1W,official-v3-20260902-weekly,xai-grok-4-6,xai,2026-09-09,2026-09-09,6,official,portfolio,SILVER,3,-0.011897898068597125,-0.01392966617949476,0.0020317681108976346,complete,True
CB-2026-09-02-1W,official-v3-20260902-weekly,anthropic-claude-fable-5,anthropic,2026-09-10,2026-09-10,7,official,portfolio,GOLD,3,-0.03535982266098595,-0.019840397325297077,-0.015519425335688876,complete,True
CB-2026-09-02-1W,official-v3-20260902-weekly,anthropic-claude-opus-5,anthropic,2026-09-10,2026-09-10,7,official,portfolio,SILVER,3,-0.04001203641664656,-0.019840397325297077,-0.02017163909134948,complete,True
CB-2026-09-02-1W,official-v3-20260902-weekly,google-gemini-3-1-pro,google,2026-09-10,2026-09-10,7,official,portfolio,GOLD,3,-0.036299316662296896,-0.019840397325297077,-0.01645891933699982,complete,True
CB-2026-09-02-1W,official-v3-20260902-weekly,openai-gpt-5-6-sol,openai,2026-09-10,2026-09-10,7,official,portfolio,HEALTHCARE,3,-0.03781949582789624,-0.019840397325297077,-0.017979098502599163,complete,True
CB-2026-09-02-1W,official-v3-20260902-weekly,xai-grok-4-3,xai,2026-09-10,2026-09-10,7,official,portfolio,SP500,2,-0.0305263160649113,-0.019840397325297077,-0.010685918739614223,complete,True
CB-2026-09-02-1W,official-v3-20260902-weekly,xai-grok-4-5,xai,2026-09-10,2026-09-10,7,official,portfolio,SILVER,3,-0.04001203641664656,-0.019840397325297077,-0.02017163909134948,complete,True
CB-2026-09-02-1W,official-v3-20260902-weekly,xai-grok-4-6,xai,2026-09-10,2026-09-10,7,official,portfolio,SILVER,3,-0.04001203641664656,-0.019840397325297077,-0.02017163909134948,complete,True
